20
15
6
a:
100 65 68 66 96 117 89 68 100 94 73 97 60 81 111 63 76 102 117 119 
b:
21 20 17 16 14 10 
21 20 20 17 12 13 
22 22 16 17 15 14 
23 20 16 14 15 11 
24 20 16 15 16 12 
23 20 20 14 14 10 
24 21 18 16 15 14 
21 18 18 16 13 10 
21 18 18 16 12 11 
24 19 20 14 14 14 
24 18 19 15 16 12 
23 19 18 18 16 14 
21 18 20 14 16 12 
23 20 17 18 12 13 
20 18 18 16 13 11 
21 21 16 17 14 13 
21 18 16 18 15 14 
23 19 17 16 12 14 
22 21 17 15 13 14 
23 18 20 18 12 13 
c:
13 15 15 16 20 17 
18 18 18 16 21 22 
16 20 20 18 18 21 
16 18 21 19 16 20 
19 19 18 16 16 20 
17 16 20 17 21 20 
18 17 18 16 20 20 
15 15 20 18 22 18 
14 15 19 16 19 20 
18 17 15 18 16 22 
17 18 18 15 19 19 
19 14 15 17 20 21 
15 15 14 18 17 22 
18 17 21 16 22 22 
19 17 20 17 19 18 
D:
1 2 3 4 5 6 7 8 9 10 11 12 13 14 15 16 17 18 19 20 
2 3 4 5 6 7 8 11 12 13 14 15 16 17 18 19 
1 2 4 7 9 11 12 13 14 17 18 19 20 
4 5 6 7 8 10 11 12 13 14 15 19 20 
1 2 3 5 7 8 9 10 11 12 13 14 15 16 17 18 19 20 
1 2 3 5 7 8 9 10 12 13 14 15 16 17 19 20 
2 3 4 5 6 7 9 10 11 12 13 14 15 16 17 18 19 20 
2 3 4 5 6 7 8 9 10 11 12 13 17 18 19 20 
1 2 3 5 6 7 11 12 13 14 15 16 17 18 19 20 
1 2 3 5 6 7 8 10 11 14 15 16 17 18 19 
1 2 3 4 5 6 9 10 12 13 14 15 16 18 19 20 
1 2 3 4 6 8 9 10 11 13 14 15 16 19 
1 2 3 4 5 6 8 10 12 13 14 15 16 17 18 19 
1 2 3 6 7 8 9 10 11 13 14 15 16 18 19 20 
1 3 4 6 7 8 10 12 13 14 15 16 17 18 19 20 
