20
15
6
a:
100 102 66 95 112 67 119 73 116 109 93 62 98 65 91 73 115 76 116 81 
b:
21 22 17 14 13 11 
20 19 18 16 12 11 
23 22 18 18 12 10 
20 18 19 16 14 11 
21 18 16 17 15 12 
20 19 20 14 13 13 
21 18 17 17 16 13 
23 20 20 15 13 13 
22 21 16 18 12 14 
22 22 18 14 15 10 
20 20 18 18 13 13 
22 21 18 17 14 14 
23 20 16 14 15 14 
22 22 20 15 12 10 
21 18 17 18 14 12 
21 19 17 15 14 12 
20 22 16 14 15 13 
20 21 16 14 13 13 
23 20 17 17 15 14 
21 22 17 16 14 11 
c:
16 17 15 16 19 18 
17 16 14 19 22 22 
18 15 16 16 17 19 
19 15 20 18 17 17 
14 18 18 18 22 21 
14 18 16 21 21 17 
16 14 16 21 19 21 
18 14 18 18 21 19 
17 14 18 21 20 18 
15 20 17 15 22 22 
18 15 17 17 18 18 
16 19 17 15 20 17 
14 20 19 16 21 16 
16 18 20 15 22 22 
13 16 14 15 19 22 
D:
1 2 4 6 7 8 9 10 12 14 15 16 17 18 19 20 
2 3 4 6 7 8 9 11 12 13 14 15 18 19 20 
1 2 3 4 5 6 7 8 9 10 11 12 13 14 15 16 18 19 20 
2 4 6 7 8 11 15 16 18 19 
1 2 3 4 5 6 9 12 13 14 15 17 18 
1 2 3 4 6 7 8 9 12 14 15 17 18 19 
1 2 3 6 7 8 9 10 11 12 14 15 16 17 18 19 20 
1 2 4 5 6 8 9 10 12 13 15 16 17 18 19 20 
1 2 3 4 5 6 7 8 9 10 11 12 13 14 15 16 17 20 
2 3 4 5 6 7 8 10 11 12 13 14 15 17 18 20 
1 2 3 4 5 6 7 8 9 10 11 12 14 15 16 18 20 
1 2 3 4 6 7 8 10 11 12 13 14 15 16 17 18 19 20 
2 3 4 5 6 7 9 10 12 13 14 16 17 18 19 20 
1 2 3 4 5 6 7 9 10 11 12 14 16 17 20 
1 2 3 4 5 9 10 11 13 14 15 16 17 18 19 20 
