30
15
12
a:
464 267 391 336 366 342 303 281 429 339 460 317 336 374 351 282 341 245 278 324 394 422 344 391 409 454 241 400 338 309 
b:
40 32 38 29 32 36 24 29 23 28 23 23 
24 45 35 32 31 26 30 26 26 26 24 22 
27 41 35 26 35 24 21 28 23 24 25 22 
32 33 32 31 32 28 27 25 25 23 22 22 
29 28 36 23 29 25 25 25 24 25 24 20 
23 28 24 36 31 28 27 32 22 24 23 20 
41 30 39 33 24 25 33 29 21 24 21 20 
33 35 22 35 26 25 33 21 25 21 23 22 
26 23 32 31 27 21 30 23 25 24 25 24 
35 27 41 35 21 25 28 26 27 25 24 22 
42 27 21 37 35 29 30 26 25 26 23 21 
25 33 34 33 25 32 28 23 26 20 20 20 
45 31 22 37 22 35 32 27 26 24 21 21 
46 45 29 31 28 30 33 29 26 23 25 21 
29 34 22 40 37 27 31 26 24 26 24 20 
41 26 35 22 35 29 33 28 23 28 22 22 
24 40 24 34 30 28 27 23 25 26 22 21 
26 27 26 21 34 24 28 26 29 22 23 24 
43 23 22 31 38 32 34 21 24 21 22 21 
32 28 38 25 28 32 22 26 30 25 24 22 
47 37 38 24 34 33 29 33 26 24 22 24 
42 29 26 28 27 27 32 26 24 22 26 20 
30 41 22 28 39 31 32 23 30 24 23 21 
21 38 33 36 26 29 33 31 24 25 24 24 
40 23 28 33 35 26 30 28 25 22 24 22 
35 29 28 34 20 30 21 24 27 25 22 24 
21 31 36 36 26 23 23 29 21 23 21 21 
44 42 34 27 35 34 25 23 26 25 24 20 
34 25 28 31 29 30 28 27 28 25 25 21 
45 32 28 40 26 31 33 25 29 20 25 20 
c:
25 27 34 38 42 40 49 43 51 69 65 67 
26 30 32 28 44 32 42 56 35 30 31 41 
25 29 34 33 35 50 40 50 65 47 43 29 
34 30 34 29 31 51 45 44 31 61 74 38 
35 28 32 35 34 39 42 54 48 30 47 38 
27 31 34 39 32 54 42 37 30 55 33 47 
29 28 33 38 51 40 37 54 39 37 67 65 
29 37 25 34 41 35 29 33 41 41 51 74 
34 32 28 41 44 40 33 53 36 59 76 74 
35 32 40 43 29 46 45 63 52 54 33 48 
33 29 35 37 46 33 41 37 65 55 67 60 
27 31 31 41 30 40 54 44 59 56 56 66 
33 35 26 46 42 48 30 48 33 44 54 29 
27 34 41 33 40 33 52 35 51 41 60 66 
28 28 34 28 49 39 30 26 61 49 76 46 
D:
1 5 7 8 9 10 11 12 13 14 15 16 17 18 19 20 21 23 24 25 26 27 28 30 
1 2 3 4 7 8 9 10 11 12 14 15 16 17 18 19 21 23 24 25 26 27 28 29 30 
2 3 4 5 6 7 8 9 11 12 13 14 15 17 18 19 22 23 24 25 26 27 28 30 
1 3 4 5 6 7 8 10 11 12 13 14 15 16 17 19 20 21 22 23 24 25 27 28 29 30 
2 3 4 5 6 7 8 9 10 11 12 13 15 16 17 18 19 22 23 24 25 26 29 30 
1 2 3 5 6 8 9 10 11 13 14 15 18 19 21 24 25 26 27 28 29 30 
1 2 6 7 8 9 10 12 13 14 15 18 19 20 21 24 25 26 27 29 30 
5 6 7 8 9 11 12 15 16 17 18 19 20 21 22 26 27 28 30 
2 4 5 7 8 10 11 12 13 14 15 18 19 21 23 24 25 26 28 29 
1 4 5 7 8 9 10 11 13 16 20 22 23 25 26 28 
1 2 3 6 7 8 9 10 11 12 14 15 16 17 19 20 23 25 27 29 
2 4 5 6 7 8 9 10 11 12 13 14 16 17 18 19 20 22 23 24 26 28 
1 3 4 5 6 7 8 9 10 14 15 16 17 21 23 27 28 29 
1 4 6 7 8 9 12 13 15 16 17 18 19 20 23 25 26 27 28 29 30 
1 2 3 4 5 8 9 10 11 12 13 14 15 16 18 21 22 23 25 26 27 29 30 
