50
20
24
a:
1103 741 1015 783 1033 1053 811 1117 1293 842 1398 844 1285 963 1099 775 831 1025 1322 1220 896 1080 725 1176 753 1085 910 1089 989 1001 996 1028 856 1316 808 1396 1369 840 1103 1351 855 932 1107 788 1135 1201 1205 1062 1413 1207 
b:
79 38 36 60 64 53 44 51 65 47 56 59 54 55 37 48 43 40 31 31 37 33 36 30 
35 66 47 60 40 60 34 56 42 43 45 54 38 35 41 46 47 46 36 35 31 35 33 30 
53 45 60 69 62 41 50 61 58 43 52 60 55 44 36 40 42 39 35 34 36 35 32 33 
53 64 66 59 53 54 59 49 47 53 46 52 47 52 33 43 40 40 42 38 39 37 36 36 
73 63 58 67 34 62 53 46 61 53 37 33 51 49 47 40 40 44 32 37 38 32 36 32 
54 66 35 57 62 58 34 52 58 47 47 46 44 45 42 46 35 31 37 43 31 38 33 33 
55 71 67 42 63 37 53 37 32 35 42 35 40 39 50 35 46 38 36 41 40 38 35 30 
70 42 45 40 50 64 40 40 58 35 33 45 46 34 48 37 32 44 35 41 31 35 35 33 
67 67 70 56 56 48 53 43 59 62 53 45 50 30 44 37 32 40 39 36 41 31 38 35 
41 72 53 58 45 65 45 44 36 55 48 32 40 46 40 40 43 41 37 40 33 34 39 32 
76 71 64 64 49 69 61 67 49 47 47 43 44 45 39 33 39 44 42 32 34 34 33 33 
40 59 67 47 36 55 40 56 52 54 37 33 46 44 46 45 30 35 38 32 36 34 33 36 
61 63 67 67 61 44 52 54 52 43 42 53 46 45 38 47 42 42 42 32 37 32 33 31 
50 69 58 51 35 39 56 55 46 51 51 40 39 39 44 47 35 42 34 38 38 35 36 35 
56 65 53 50 62 58 48 48 39 48 32 54 40 47 33 46 44 41 39 41 31 33 38 34 
68 50 46 65 53 38 49 47 44 33 51 47 34 49 43 44 38 38 37 39 39 35 38 30 
62 51 54 52 56 64 39 66 33 45 60 37 53 37 43 50 44 35 43 32 36 37 31 32 
54 71 58 70 54 64 41 57 64 49 45 46 41 51 38 41 42 42 41 37 36 34 36 37 
37 45 65 60 53 64 39 50 52 48 40 35 44 49 50 44 35 37 36 36 39 38 37 32 
33 45 46 49 42 54 32 47 49 54 50 32 40 43 45 38 34 42 35 39 39 36 34 36 
47 42 56 59 62 66 37 38 58 55 57 37 49 46 39 37 35 39 34 37 38 32 37 32 
48 60 38 39 67 38 35 42 46 42 38 52 49 34 35 42 36 35 40 34 34 37 36 37 
70 46 30 61 48 40 59 60 49 48 37 36 53 37 33 41 42 46 46 38 36 37 36 34 
70 47 51 38 69 32 59 50 61 45 50 41 42 43 39 40 39 41 40 39 35 34 38 34 
75 61 38 49 61 37 53 49 50 47 46 36 32 33 35 39 44 38 46 38 35 30 31 30 
57 48 39 69 41 48 61 55 33 47 55 42 43 40 44 33 47 47 35 38 33 36 33 33 
49 77 58 51 49 53 34 51 46 36 58 54 51 39 48 34 49 38 35 38 38 37 36 33 
77 66 41 44 31 54 50 32 41 43 38 40 35 39 38 44 43 40 36 36 40 39 36 36 
73 48 34 46 47 33 59 37 51 50 52 57 50 42 39 41 31 37 32 35 36 34 31 35 
65 47 45 65 64 45 58 57 52 60 45 51 52 39 37 38 35 39 33 42 34 36 37 35 
68 60 69 64 48 61 32 64 56 39 41 51 38 46 44 36 33 35 31 32 39 36 31 35 
68 35 53 34 51 70 54 40 63 36 41 59 38 51 37 37 42 42 37 39 35 38 32 33 
54 34 57 46 48 51 46 44 56 61 39 33 51 50 37 44 47 35 44 42 30 41 33 34 
58 61 54 68 41 46 56 47 54 42 47 53 55 42 33 46 33 41 33 32 40 36 33 33 
57 57 56 36 33 58 61 47 57 32 40 45 49 32 52 39 39 42 38 40 36 36 33 34 
39 50 50 64 57 47 46 35 44 34 54 36 41 35 50 34 34 45 36 37 37 34 32 34 
56 36 50 44 40 62 57 42 57 54 46 42 39 51 40 48 37 42 32 35 39 32 37 36 
44 55 62 58 44 63 58 32 45 39 39 37 45 48 33 36 45 44 39 35 35 39 34 35 
36 50 62 41 44 64 63 33 50 34 34 33 54 40 40 43 36 35 37 36 37 38 36 34 
69 38 65 54 73 46 62 46 39 45 58 51 45 32 44 36 36 42 41 41 36 37 34 35 
50 55 36 48 70 48 61 35 44 47 50 59 39 46 35 45 38 45 46 36 38 37 30 33 
48 35 40 54 65 46 39 55 59 40 51 44 55 32 39 43 47 33 39 36 38 31 31 32 
40 39 46 33 63 53 37 46 49 58 53 38 55 45 34 36 43 41 44 39 34 33 31 34 
71 61 57 42 38 55 63 35 37 41 51 37 37 48 36 32 41 44 44 33 37 37 32 33 
34 70 40 66 69 56 52 36 41 41 37 48 55 32 44 42 44 38 37 36 38 35 35 37 
60 74 41 54 59 53 57 54 51 42 33 32 36 44 38 32 46 42 31 37 40 35 32 32 
59 74 56 42 52 64 47 60 62 41 37 34 42 45 34 50 36 41 33 37 36 34 37 36 
67 37 35 55 62 40 57 43 42 48 39 39 39 45 51 45 39 39 42 39 37 33 35 34 
35 54 42 37 50 67 62 41 55 47 39 50 48 37 43 36 47 45 42 37 34 36 34 31 
38 35 41 44 49 56 63 55 41 44 39 33 37 32 52 46 35 43 39 37 37 35 35 37 
c:
50 64 61 68 69 52 55 62 81 53 61 70 101 60 61 104 91 73 60 99 129 59 62 63 
48 48 72 67 62 59 74 82 55 84 70 53 82 88 120 97 109 64 81 108 119 119 116 143 
45 64 54 68 62 59 57 64 56 85 79 91 68 99 85 104 114 78 98 93 79 60 102 73 
58 59 61 61 46 62 68 86 88 66 99 78 99 109 79 89 107 100 66 119 62 62 65 79 
53 51 48 59 72 66 63 80 75 74 71 102 83 108 72 63 79 70 61 114 81 53 121 125 
53 64 61 57 63 76 59 58 71 96 90 65 92 71 106 96 82 113 76 112 95 133 130 141 
48 50 71 71 57 67 87 75 71 89 57 86 63 73 74 64 56 60 77 73 109 66 91 149 
47 51 59 74 57 76 67 80 61 80 63 74 76 72 97 65 57 79 66 104 87 112 61 77 
66 62 53 65 61 71 64 60 88 76 75 61 86 64 79 94 54 98 69 115 92 107 147 111 
50 69 68 63 66 55 57 83 88 71 69 75 89 65 82 73 116 91 75 90 117 90 101 81 
56 49 46 65 58 72 59 56 73 72 75 64 74 77 101 63 101 114 87 89 65 66 79 111 
52 56 64 63 64 70 59 62 70 70 77 84 71 80 96 103 59 82 54 122 108 128 126 93 
66 50 50 56 67 72 64 77 77 84 71 50 65 84 84 111 87 105 105 78 97 92 123 106 
49 56 65 54 57 65 77 76 96 76 80 79 103 89 88 95 62 97 108 103 57 94 133 75 
46 60 65 58 69 65 80 86 68 75 78 63 86 58 86 53 76 79 108 125 135 75 71 124 
52 54 65 70 64 55 61 65 87 77 63 95 81 63 81 99 107 70 70 98 64 89 113 80 
47 67 57 68 63 55 73 63 67 80 86 72 60 46 94 108 95 88 85 72 114 115 64 146 
51 68 53 65 59 58 63 73 61 79 62 55 63 93 74 70 58 103 92 81 108 132 133 130 
53 55 46 57 68 78 75 58 81 55 94 103 99 92 89 67 95 112 100 57 110 125 69 82 
51 58 67 72 56 52 73 76 70 79 79 88 68 64 110 70 83 90 108 94 123 92 67 126 
D:
1 3 4 5 6 7 8 10 11 12 13 14 18 19 20 21 22 24 25 26 28 29 30 31 32 33 34 35 36 38 39 41 42 43 45 46 49 50 
1 2 6 8 11 13 18 20 22 23 24 25 28 29 30 31 32 33 34 35 38 39 40 41 42 43 44 46 47 48 50 
1 2 6 7 8 11 14 15 16 19 20 22 23 26 29 32 33 34 35 36 37 38 40 41 42 44 47 48 49 
1 2 3 5 7 8 9 10 11 12 13 15 17 18 19 20 22 24 25 26 27 34 35 36 37 38 40 41 43 44 45 46 47 49 50 
1 4 6 7 8 9 11 12 13 14 16 17 18 19 21 22 24 26 27 30 31 33 35 38 42 43 44 46 49 
1 3 4 5 7 11 13 15 16 17 18 19 22 23 24 25 26 27 29 31 33 34 35 36 37 38 39 43 46 48 50 
1 2 3 7 9 10 12 13 14 15 16 17 19 21 23 27 28 31 32 34 35 36 37 38 39 40 41 42 45 46 47 48 49 50 
1 2 6 8 10 11 12 13 14 16 17 18 19 20 22 24 25 26 28 30 31 32 33 34 35 36 38 39 40 41 42 44 46 47 48 
1 4 5 6 7 8 10 11 12 13 14 15 16 17 18 20 21 22 23 24 25 27 28 29 32 33 35 36 37 38 41 42 43 47 48 49 50 
2 3 4 11 12 15 16 17 21 22 24 25 26 27 28 29 30 31 33 35 37 38 39 40 42 43 44 46 47 48 49 
1 2 3 4 5 7 8 10 11 14 15 16 17 18 20 21 22 24 25 29 31 33 34 35 37 38 39 40 42 43 45 46 47 50 
1 2 3 5 8 9 10 11 12 13 15 16 17 18 19 20 21 26 27 29 30 31 36 37 40 41 42 43 45 46 48 50 
2 3 4 5 6 7 10 13 14 15 16 17 18 19 20 21 22 24 25 26 28 29 30 31 32 33 35 37 38 40 41 42 45 46 47 48 49 
1 2 3 4 5 6 9 10 11 12 13 14 15 16 18 19 20 21 23 24 25 26 27 28 29 31 32 33 35 37 38 41 43 44 45 47 48 49 50 
1 3 4 5 6 7 9 10 14 15 16 18 22 24 25 26 27 29 30 32 34 35 36 37 38 39 40 42 43 44 46 48 49 50 
1 2 3 4 5 6 7 9 11 12 15 18 19 21 23 24 26 28 29 32 33 35 37 38 39 40 41 42 43 44 46 48 49 50 
1 2 3 4 5 6 7 8 9 10 11 12 13 14 15 16 17 19 21 22 23 24 25 27 28 29 30 32 34 35 36 39 40 41 42 43 44 47 48 49 50 
6 7 8 9 10 11 12 13 17 18 19 20 21 22 23 24 25 28 29 30 32 33 34 35 37 42 44 46 48 49 
1 2 4 6 7 8 9 10 11 12 13 14 15 16 17 18 19 21 22 24 26 29 30 33 34 35 36 37 38 39 40 41 43 45 46 47 48 49 
2 5 6 11 14 15 16 19 20 22 23 24 25 26 27 29 30 31 32 33 35 36 40 41 42 44 45 46 47 49 
