30
15
12
a:
377 472 265 242 385 346 466 261 301 420 452 280 265 295 368 296 366 344 280 412 338 352 373 347 244 474 274 426 437 325 
b:
42 27 37 33 28 25 25 25 25 26 20 24 
23 36 37 24 35 22 31 26 28 23 25 22 
34 37 23 37 29 36 24 28 24 24 25 21 
21 21 26 38 28 27 27 21 26 24 25 20 
32 29 27 36 22 23 27 29 23 21 23 22 
41 31 28 38 25 33 28 25 24 20 22 21 
35 40 39 28 24 31 31 31 26 24 25 24 
42 28 30 33 27 31 26 31 24 27 25 23 
28 37 31 39 26 24 23 24 23 22 21 24 
33 31 30 36 28 32 27 21 27 24 23 24 
39 41 29 32 30 22 21 22 26 23 25 21 
24 35 43 25 23 26 27 27 26 24 25 24 
45 25 28 28 35 33 31 27 30 23 24 24 
28 24 36 22 33 20 26 25 24 26 24 20 
43 39 37 35 33 25 21 25 28 26 24 21 
28 28 35 35 33 22 27 25 24 22 25 21 
35 43 30 30 25 35 32 23 25 25 20 21 
29 30 40 31 33 26 31 32 24 23 26 24 
35 37 25 37 34 29 24 29 23 26 24 23 
44 28 25 25 31 22 32 23 25 24 25 23 
45 39 29 29 31 32 21 22 27 26 21 22 
42 21 37 34 26 29 25 24 26 24 24 24 
21 28 26 29 36 22 26 26 25 25 25 22 
34 29 33 31 25 31 33 21 23 23 25 21 
46 42 28 30 29 21 22 32 28 24 22 22 
36 40 37 37 33 30 26 25 25 25 23 24 
26 31 29 26 29 31 29 31 26 25 23 20 
38 42 26 27 28 27 27 30 26 21 25 20 
26 29 35 36 23 25 21 26 25 21 21 24 
23 26 36 36 26 25 26 32 25 24 22 22 
c:
28 31 37 47 42 40 48 44 39 35 62 64 
26 36 28 30 42 40 31 51 47 73 51 54 
34 33 36 34 40 39 46 38 48 52 56 48 
26 38 37 36 35 43 41 32 38 66 62 75 
24 32 34 34 37 52 37 38 55 46 34 42 
35 38 33 38 52 38 43 54 46 51 58 43 
28 33 33 37 27 55 47 56 39 60 57 26 
32 32 29 36 39 30 54 53 34 57 35 44 
32 26 39 33 38 34 51 31 52 59 50 53 
29 34 34 39 35 46 32 47 53 32 53 41 
29 30 39 37 39 43 55 29 52 54 74 33 
35 28 36 45 41 47 37 55 48 45 40 71 
31 27 33 34 38 44 38 36 65 47 52 61 
31 27 38 42 34 34 36 32 35 64 44 43 
26 35 29 37 35 39 48 47 61 46 65 40 
D:
1 2 3 4 5 6 7 9 10 12 13 15 16 17 18 20 21 23 24 25 27 28 29 30 
2 3 4 5 6 7 9 10 12 15 16 17 19 20 23 24 25 26 27 29 30 
1 2 3 5 6 7 10 12 13 15 16 17 18 19 20 21 23 24 27 28 30 
1 3 5 7 9 10 11 12 13 14 15 16 17 18 19 20 21 22 23 24 25 26 27 29 30 
1 2 4 5 6 7 12 14 17 22 23 25 27 28 
1 4 5 6 10 12 14 15 16 18 19 20 22 24 25 26 28 29 
2 4 5 6 7 8 9 11 13 14 15 16 17 19 22 24 26 27 28 
1 3 5 6 7 9 10 11 12 13 14 15 17 18 19 20 21 22 23 24 25 26 27 28 29 
5 6 7 8 9 10 12 13 14 15 17 18 19 20 23 24 25 26 27 28 30 
1 2 4 5 6 7 8 12 15 16 17 18 20 21 27 28 29 30 
1 3 5 6 10 11 12 13 15 17 18 19 21 22 23 24 26 27 29 30 
2 4 7 9 12 13 14 16 17 18 20 24 25 27 29 
1 2 3 4 5 6 8 10 11 12 14 20 22 24 25 26 27 28 29 
1 2 5 6 7 9 10 11 12 13 14 16 18 19 20 21 22 23 24 25 26 27 28 29 30 
2 4 6 7 8 10 11 13 14 15 16 17 18 19 21 23 25 26 27 28 30 
