50
20
24
a:
1105 1353 1013 1330 987 988 919 1420 936 1362 1309 849 1110 1178 742 1244 819 1394 1298 835 1421 988 1141 1203 804 1429 1204 1342 975 896 1256 1218 1202 1128 814 1157 1150 1080 1050 925 1093 727 835 1045 992 1144 1110 1438 912 1263 
b:
66 33 40 61 49 49 36 35 62 45 47 45 55 34 41 43 42 33 40 37 37 36 34 32 
43 55 68 43 50 52 42 39 37 36 36 54 48 36 43 45 35 36 41 37 38 37 32 30 
58 55 47 42 42 68 47 56 60 60 42 37 37 39 36 42 47 39 35 33 38 32 32 30 
42 46 40 36 38 43 64 46 39 54 34 38 51 45 39 45 36 35 39 39 35 34 34 36 
66 37 45 61 49 59 39 46 34 56 33 59 33 47 39 43 43 37 42 42 37 34 36 32 
44 61 75 49 68 60 49 42 36 50 46 45 40 42 44 31 43 39 41 43 35 37 30 31 
37 67 66 54 54 48 33 46 56 38 57 50 48 53 52 35 41 42 34 41 32 39 36 34 
40 43 38 62 49 57 41 53 34 50 35 37 31 48 42 45 38 44 36 30 39 36 37 34 
46 60 69 71 62 35 48 58 52 55 34 37 36 37 43 37 42 39 40 38 41 37 39 34 
70 38 66 46 51 60 48 47 59 57 37 56 40 37 50 34 48 39 35 40 37 32 30 32 
39 37 62 69 53 41 47 51 41 55 50 34 33 39 43 47 43 40 43 38 40 38 38 36 
61 68 47 64 47 39 63 42 51 40 44 47 32 48 36 40 35 41 36 38 37 34 39 30 
58 48 53 62 49 34 59 55 42 54 44 47 56 41 48 37 47 43 38 39 31 37 35 37 
67 56 47 48 50 39 51 39 43 49 41 41 36 49 49 33 47 34 42 34 36 35 32 32 
57 47 46 36 62 42 53 47 43 51 47 34 41 40 50 39 47 34 39 39 33 39 33 35 
80 69 55 58 59 36 30 47 38 59 47 45 46 33 52 41 40 44 37 34 39 33 36 34 
54 41 64 37 59 52 42 67 58 51 43 46 44 35 44 42 39 34 44 38 37 37 32 37 
42 76 70 56 54 64 59 41 56 60 45 32 43 43 48 45 35 36 45 39 35 37 32 34 
63 49 33 53 57 54 47 51 47 39 60 51 52 48 46 45 45 41 42 38 36 32 37 31 
41 63 50 48 52 35 41 50 55 63 36 40 37 55 44 48 45 37 34 40 35 34 37 36 
76 36 45 49 56 49 33 54 43 52 35 57 44 33 36 35 44 45 41 39 41 36 30 30 
76 55 40 68 45 47 62 64 59 43 53 49 34 42 38 41 40 42 35 44 31 37 33 33 
55 36 63 53 60 35 51 51 34 42 33 33 39 51 55 33 41 34 41 38 38 36 31 33 
47 51 34 65 53 58 52 58 61 60 31 44 40 50 35 36 47 39 40 38 35 39 38 33 
37 35 53 70 38 40 42 37 48 51 52 43 34 48 33 50 38 33 34 34 33 38 33 37 
67 48 65 73 45 70 52 66 54 41 40 43 39 41 41 43 36 42 38 44 34 36 33 32 
63 59 57 48 35 55 42 63 55 54 41 35 44 54 41 51 37 35 35 38 34 34 32 32 
73 63 60 40 45 63 40 59 37 39 44 55 39 39 51 46 40 42 37 36 34 33 36 35 
64 33 39 59 33 68 51 45 38 35 36 50 40 52 49 34 36 37 42 37 39 35 37 30 
62 51 61 54 54 44 42 43 46 38 37 50 46 46 49 40 39 41 41 44 35 39 35 33 
39 55 64 63 64 50 62 54 37 56 37 37 39 44 49 37 33 43 35 40 34 34 34 35 
41 52 56 49 53 62 55 54 60 36 45 37 46 34 40 49 36 31 40 42 33 35 32 32 
63 66 53 36 40 62 40 63 34 58 45 43 48 39 50 36 45 35 40 36 33 34 31 35 
55 44 49 48 58 57 40 32 42 34 42 41 37 45 37 45 39 40 37 32 37 37 30 34 
46 65 62 57 42 54 47 39 58 40 47 51 37 46 50 33 38 45 33 32 35 36 36 32 
53 41 52 53 56 46 45 58 61 50 41 35 49 48 48 35 36 39 45 36 36 35 37 34 
75 66 67 60 68 57 50 56 42 34 53 53 47 47 48 43 34 40 36 36 36 33 32 34 
71 54 53 70 42 37 39 49 35 39 32 40 36 34 42 49 35 42 37 35 37 32 34 31 
61 43 53 41 50 55 49 42 59 57 39 45 46 34 48 34 38 36 34 37 32 32 33 35 
63 60 51 46 57 64 60 37 43 57 36 35 39 50 45 40 50 32 40 39 37 38 31 34 
74 31 74 36 61 48 54 42 54 40 40 54 41 38 43 35 34 33 36 37 37 34 34 33 
57 54 52 54 44 45 46 62 53 61 35 45 55 54 41 35 47 38 42 37 37 36 36 30 
68 71 55 72 53 52 55 31 43 36 47 38 48 46 39 38 49 44 35 36 39 36 30 34 
65 55 30 53 46 35 38 50 47 50 44 46 37 38 46 34 38 45 38 37 38 39 32 32 
41 61 35 43 36 70 60 44 58 43 53 48 52 44 36 37 44 41 41 34 37 40 33 37 
56 49 67 38 34 57 52 53 46 36 57 51 32 48 48 32 43 37 42 37 33 35 32 35 
56 34 71 57 58 40 62 57 45 59 52 40 38 39 41 41 33 39 35 31 37 39 36 30 
57 62 64 39 66 60 59 63 57 60 53 50 44 35 38 39 38 34 32 35 38 40 31 31 
78 37 43 33 42 54 38 43 47 45 48 55 43 42 42 46 36 45 35 34 31 40 34 36 
57 61 62 72 35 47 56 31 58 41 44 32 43 38 47 46 39 37 37 39 39 34 36 37 
c:
47 55 58 57 57 77 58 68 81 88 80 72 77 101 73 91 55 104 101 129 105 98 128 103 
52 53 54 71 74 71 74 70 49 66 85 52 88 87 85 67 115 118 128 57 108 91 112 130 
63 57 62 69 64 56 71 69 62 87 99 62 78 61 94 86 95 123 79 103 103 95 143 115 
46 51 54 58 59 58 68 80 78 70 88 63 93 66 104 97 83 89 123 129 126 106 118 152 
48 47 58 52 67 66 54 66 89 67 85 74 98 74 93 105 105 83 86 76 117 109 88 82 
61 65 69 63 56 62 78 83 72 88 84 87 82 84 89 67 95 97 87 112 99 64 121 120 
65 56 63 59 70 60 54 75 85 55 78 92 99 78 100 84 109 59 63 107 65 122 127 137 
45 61 62 72 75 66 67 73 63 75 83 65 77 92 111 95 102 71 95 132 76 97 72 102 
50 50 48 55 57 66 65 60 88 62 80 65 51 75 97 60 61 100 115 123 58 85 120 104 
58 62 62 74 75 60 65 75 69 54 78 58 75 87 107 92 105 107 92 106 103 141 96 128 
50 58 62 64 67 67 69 72 51 65 71 84 68 87 89 81 120 115 124 91 57 73 82 127 
56 67 52 63 58 61 52 68 67 78 54 58 55 90 56 52 53 123 67 72 59 118 97 67 
49 62 68 67 70 59 76 71 69 54 49 76 70 106 94 107 115 65 125 121 95 118 92 90 
45 46 60 48 59 68 82 68 73 73 50 81 53 74 100 89 67 81 78 59 101 73 89 84 
56 60 59 60 65 51 76 74 83 72 97 48 53 100 66 96 103 65 52 80 122 92 65 69 
46 65 50 64 62 63 57 70 58 64 60 71 105 103 83 65 113 87 80 80 75 122 133 101 
53 46 68 74 61 65 61 77 77 59 71 109 62 52 97 119 56 64 118 54 115 125 117 93 
65 50 61 60 49 70 78 74 84 63 59 82 63 67 48 92 87 65 71 68 75 102 110 72 
67 57 67 61 67 62 71 51 60 57 73 81 81 101 100 95 68 90 110 60 91 83 133 69 
46 62 52 66 60 56 68 74 88 87 89 97 75 67 92 105 75 92 67 99 112 114 73 115 
D:
2 3 4 6 8 9 10 11 12 13 14 15 17 19 21 22 23 24 25 26 27 29 30 31 33 35 38 39 40 44 45 46 48 49 50 
2 3 4 5 6 7 8 9 10 11 13 14 15 16 17 19 20 22 23 24 25 26 27 28 30 31 32 35 36 37 38 39 40 42 43 45 47 48 49 50 
1 2 4 5 6 7 9 11 12 13 15 16 17 18 19 20 21 22 23 25 26 27 28 29 30 33 34 35 36 37 38 39 41 43 45 46 47 48 49 50 
2 3 4 5 6 7 8 9 10 11 12 13 14 16 20 21 23 24 27 28 29 30 31 32 34 35 37 39 40 41 42 43 44 46 47 48 49 
1 2 3 4 5 7 8 11 13 17 18 20 22 24 25 26 28 29 30 31 32 33 35 40 41 42 44 45 46 48 49 
1 2 3 6 7 8 10 11 12 14 15 16 17 19 20 21 22 23 24 26 27 28 33 34 35 36 37 38 40 41 42 43 45 46 47 48 49 50 
3 4 7 8 10 11 13 15 16 17 18 19 20 22 23 24 26 27 28 29 30 32 33 34 35 36 37 39 40 41 42 43 44 45 46 48 49 50 
1 2 3 5 6 8 9 10 11 13 14 15 17 18 19 20 21 22 23 24 26 28 29 30 31 32 34 36 37 38 39 40 41 43 44 46 47 48 
1 3 4 5 6 7 12 13 14 16 17 18 20 21 22 26 28 29 30 31 32 35 37 38 39 40 41 42 44 46 47 48 49 50 
1 4 5 8 9 11 13 14 15 16 17 19 20 21 22 23 24 25 29 30 31 32 35 36 37 38 39 40 42 44 45 46 48 50 
1 2 3 4 5 6 7 8 9 12 13 14 15 17 21 23 25 26 28 29 32 35 36 37 38 39 41 42 43 44 45 47 50 
1 3 4 5 6 8 9 10 11 12 13 14 16 17 19 20 21 22 23 25 26 27 28 29 30 31 32 33 34 35 38 39 41 43 44 45 47 48 49 
1 2 3 4 5 6 7 8 9 10 12 13 15 16 17 18 19 22 23 26 28 30 31 32 33 34 36 37 38 39 40 41 42 44 45 46 49 50 
2 3 4 5 7 8 9 11 12 16 17 19 20 21 22 24 25 26 29 30 32 33 34 37 39 44 45 46 47 49 50 
1 3 4 5 6 8 9 10 11 12 14 15 18 19 22 24 25 26 27 28 29 30 31 33 34 36 37 38 40 41 43 44 46 48 49 50 
1 2 5 8 9 10 12 14 15 16 17 18 19 21 22 24 25 26 27 28 29 30 34 35 36 38 39 40 41 43 44 48 49 50 
2 3 4 5 8 9 12 13 17 20 21 23 24 26 27 28 29 31 33 34 35 36 38 40 42 43 44 45 47 48 49 50 
1 2 3 4 8 12 13 14 15 19 20 22 24 25 26 27 28 29 33 34 35 36 37 39 40 41 42 43 44 45 46 48 49 50 
5 7 8 10 11 13 15 16 17 18 20 21 22 23 24 27 29 30 31 32 33 35 37 38 39 42 44 46 47 48 49 50 
1 3 5 6 8 9 10 11 12 13 17 20 21 26 27 29 30 31 32 34 35 36 37 38 40 41 42 43 44 45 46 47 49 50 
